8.889091028733104|-22.437985131126606|-65.6835696568743
9.18586360791439|-21.993666155972054|-65.97666351591218
9.188641695636518|-22.450149198965455|-65.54855544778303
9.646358142341187|-22.55796935709754|-65.25261499050264
9.14432552686986|-21.94893860858572|-66.03601983034186
9.0492731858887|-22.138887693431364|-65.8982604877879
9.426607087571773|-22.13604481206983|-65.74091150547495
9.51127479858034|-22.209664600017824|-65.63571488237325
9.378485261257685|-22.39643914242947|-65.51861658100235
9.371239895579842|-22.146212980639636|-65.75525279088905
9.696243689336798|-22.010174540988075|-65.74002565729445
9.213213784856933|-21.974430820327676|-65.98301308898765
9.58615598320318|-22.56220687548043|-65.27475441834936
9.349195720635336|-21.99006900582937|-65.91027654496013
9.45863995619394|-22.376615738466224|-65.50281910397422
9.672571332082217|-22.602978319208905|-65.19927721925862
9.640699772677346|-22.291250867755807|-65.50340214949813
9.288962469828789|-22.02784941091355|-65.90088090673369
9.21112539465074|-22.115352073617096|-65.85229859811271
9.380733105538125|-22.255964942702477|-65.64880296973881
9.09578008455775|-22.296820824240953|-65.7309554728266
9.830738250617125|-22.08239654315619|-65.61319115562091
8.914313316317859|-22.09464303286197|-65.99564010391278
8.895836145713702|-22.30542102826851|-65.80539317560407
9.17708688889177|-21.66963229242388|-66.28267817799848
9.279341361564887|-22.106688545193734|-65.83142070669757
9.409698742157483|-21.83773075100589|-66.02593380779874
9.53864550802847|-22.47579868594933|-65.37585688999339
8.982226671856154|-22.1131135103485|-65.95026559721538
9.341066241582476|-22.16252922725467|-65.75295984911361
9.514882507321774|-22.178937795817433|-65.66275924953612
9.48584529430013|-22.039263809847913|-65.80536987104236
9.594486571883674|-22.191696560735938|-65.61620962659532
9.273737445663649|-21.968797483055848|-65.96246654092619
9.60149096981154|-22.058088197246892|-65.7373414287848
9.088817068137487|-22.366459760679742|-65.6685932634299
9.569244872590467|-22.685685677095492|-65.16682637257014
9.54962954621098|-21.845290359050903|-65.95774893013602
9.443297172958863|-22.24362541444977|-65.63344868728628
9.404451507501728|-22.358280707443708|-65.54315978791492
9.430031198066521|-22.108881999532507|-65.76474083028492
9.362826701677896|-22.27113566462018|-65.6423021517176
9.524469579478781|-21.68500475649079|-66.11755287900881
9.485006809461867|-22.72345371061888|-65.16761948616026
9.367849142442727|-22.375377081962927|-65.54282318950428
9.238203537366916|-22.295614557166115|-65.67235692968126
9.122172506557925|-21.743551301649628|-66.23714606610451
9.431908533098106|-22.48644334453039|-65.41175045320284
9.419774584451874|-22.120996241315883|-65.75788040348222
9.495900181588729|-21.926952297281552|-65.90543507538143
8.989985722019819|-22.539075218910206|-65.54737225439027
9.54319687428681|-21.801560413688126|-66.0011673990983
9.28614224927468|-22.15082338092515|-65.78732335573903
10.021676836913835|-22.336301326020585|-65.29226901797867
9.235231124842343|-22.14327035520431|-65.81600495115725
9.25628211373824|-22.803774130691192|-65.18884267026066
10.593701486738839|-22.205476908441895|-65.14821246119773
9.223049692582922|-21.82624429966515|-66.11705658196233
9.141775533264063|-21.88918621551172|-66.09290206638615
9.211255811118821|-22.03468726699783|-65.92758930113537
9.161816606605543|-21.90629581774542|-66.06843653976566
9.56118059869901|-22.363626775480984|-65.47066782164214
8.967279116991667|-21.2535456832107|-66.75979554693292
8.947121585226515|-22.333159426904615|-65.75834243119213
10.247718281186021|-21.673307669924935|-65.79955590588116
9.699008603450865|-21.874696415733993|-65.86439502517655
9.228502066189508|-22.0726458572241|-65.88482380306303
9.323081071188392|-22.450133946520573|-65.49197766464121
10.562681749236953|-22.60833145995178|-64.79248714094854
9.18363099097476|-21.847409135212438|-66.1141278605655
9.429254601530422|-22.11005294351687|-65.76398532669533
9.388867277086977|-22.25000527963298|-65.65087992210674
9.325813973853117|-21.772522931685028|-66.12294012463377
9.321897013270604|-22.27168791681972|-65.65924050830013
9.155215647670216|-22.117471625055018|-65.87392182079223
10.4924074026923|-21.828585375756255|-65.54177094371654
9.510451741784582|-22.08718259982133|-65.7500819178734
9.157050800211358|-22.029325706669894|-65.95554072616812
9.293253068998046|-22.882661582896375|-65.09942547494042
9.682488133288734|-22.273174957509777|-65.50188680659714
9.30666085933975|-22.011780119115784|-65.90829585691233
9.509947608681731|-22.074217682149534|-65.76236367423236
8.751719557394862|-22.059605071609543|-66.09502114180624
10.475128493672427|-22.137197181830803|-65.2668801425195
9.510054907027754|-22.252238608205978|-65.59659116667717
9.71993327065471|-22.493638598315425|-65.2804187141735
9.596802470791447|-22.197285380362118|-65.60999937573735
9.533085972404118|-22.088927106907818|-65.7386000244527
9.19013903813491|-22.38884817707846|-65.60533555447424
9.350213102297857|-21.76260283877583|-66.12161623009176
9.443803629886611|-22.13597219705744|-65.73355593671357
9.348891102920117|-22.03033731405993|-65.87288023581192
9.960952952098712|-22.41346842906894|-65.24808830907982
9.282455447776877|-21.796305747009708|-66.11948725120655
9.364190065646977|-21.92818356444897|-65.96146226446506
9.265383342209264|-22.14756510552228|-65.79919595639579
9.32248790151801|-22.105034650623153|-65.81454582103092
9.365286784613357|-22.021809401598542|-65.87377697700008
9.229262193620794|-21.890265223122736|-66.05470548372915
9.502317644643766|-22.245520245904846|-65.60619978703046
9.184037729026755|-22.02160438593924|-65.95134384699081
9.471083372544246|-22.0863060559137|-65.76799972241697
9.38780431209766|-22.063703568355145|-65.8250444224632
9.426350604462085|-22.158229228944244|-65.7203491948512
9.350518556815292|-21.975744170980487|-65.92305436772507
9.067786712381919|-22.088863527146895|-65.93736533311444
9.200886576241338|-21.713879014660055|-66.23126707652727
9.515115603096351|-21.84351635834913|-65.97454997536443
9.408708551032648|-22.194898524942424|-65.6937619271049
9.229442084929827|-22.085669931713486|-65.87226205164379
9.430671191033243|-22.190030085337437|-65.68884831658116
9.207943327194267|-22.116911972162075|-65.85218780709708
9.376567102634048|-22.527731893018597|-65.39674151143532
9.573281991742896|-22.861053395678685|-65.0012773378163
8.920356902173161|-22.003677819260083|-66.07842695583528
9.600642967166197|-22.14155254620227|-65.66014365751974
9.453604665112975|-21.814125157509267|-66.02876080100226
9.696631454122105|-22.050825787591002|-65.70214187318295
9.449217845946244|-22.19960668608643|-65.67192692095588
9.71843143200016|-21.972489332608745|-65.76512242719274
9.220383868644577|-22.28625348926296|-65.68862854202906
9.284580848049197|-22.239172888591565|-65.70547632265989
9.506088334496908|-22.090065486120416|-65.74929783435192
9.461556140343097|-22.30361173081343|-65.56965627146182
9.360113826861355|-22.334774878443604|-65.58404177195531
9.222839019191671|-22.29082266527406|-65.68332004308209
8.933944089706145|-22.18491866516176|-65.90288054541196
9.39153108932142|-22.33710052965699|-65.56845710690658
8.946699364707621|-21.683549046947864|-66.36712717194753
9.501722903227062|-21.856269245931575|-65.96857161936684
9.278211539081122|-21.927067929461657|-65.99946234235743
9.126805034955076|-22.138935587870584|-65.86579128995044
9.514843931444954|-21.770663432728|-66.04231036262819
9.22607247006917|-22.03371402347539|-65.92220718967656
9.235544837362673|-21.654246707168138|-66.27194279308867
9.656838175808133|-22.138171688565095|-65.63861558982465
8.782936192082566|-22.703985934190733|-65.4759258618392
9.229137016072528|-22.247574245185433|-65.72110436143402
9.010706463968681|-22.004716036412148|-66.0399543732567
9.419996523612518|-22.73339593419604|-65.185960860249
9.249941238066425|-21.91988423493408|-66.01825242179771
9.299905130692407|-22.13624331968218|-65.79506926909102
9.25920905208408|-22.05669784475794|-65.88665680457127
8.947990059362843|-21.37938661211545|-66.65063669771975
9.671320580998712|-22.513741424034905|-65.2829507689344
9.660799239521413|-21.928380795634464|-65.83159273014878
8.691285861608327|-21.930692774481525|-66.24064887115244
9.231114385767572|-22.1048936958031|-65.85359838026865
9.272701627593428|-22.063235623707083|-65.87480608226538
9.31845699911162|-21.884414097582688|-66.02193426953502
9.350288863176935|-22.191080672183038|-65.72237495881905
8.631127235487467|-21.914991068688842|-66.27970930006816
9.434126131734594|-22.161051261339374|-65.71436663850405
9.597027094163852|-22.157613536431544|-65.64679397259636
9.222309773243166|-22.223236583710385|-65.74674131783314
10.712847642467587|-21.972013959643846|-65.30512937813134
9.477056898994707|-22.02421294158945|-65.82319412358389
9.540809081057883|-21.87669152099953|-65.93246984722346
9.42940516393839|-22.162307864354815|-65.71523138867174
9.241396502176006|-21.958377312944158|-65.98599466459524
9.341101514193408|-22.389994958527456|-65.54054872033413
9.01172469900234|-22.18518455732913|-65.87049683884926
9.165991497788642|-22.01840015024346|-65.96197171716464
9.730175914224567|-22.821811800777482|-64.97023745280889
9.020472561777984|-22.22773889402128|-65.8269855253409
9.579817616103243|-22.111913203513826|-65.69681446888983
9.191391939575249|-21.90437465121943|-66.05767363926492
9.456483240811542|-22.680557779907197|-65.21987760667027
9.231475586693318|-22.084656473433466|-65.8723454796936
9.430165051698166|-21.88722758125252|-65.9710061820751
9.53897452270287|-21.884444735994638|-65.92607499746396
8.79023875578145|-22.031802900779134|-66.1054626346665
9.205519614582872|-22.145233136737893|-65.82674746016828
9.515773753006629|-21.817019853701783|-65.9988663863134
9.287886575843086|-22.095579581107526|-65.83814655980777
9.445576524661103|-22.249230252141615|-65.6272417124336
9.215843192295658|-21.71466288579535|-66.22413230375534
9.666055944265526|-22.456676893225765|-65.33838100855718
9.370499763136731|-21.021900481283023|-66.79976840954068
9.302037239215538|-22.168489935142844|-65.76405972257143
9.124637205963097|-22.0065962268051|-65.99045350583857
10.35774483806001|-22.412847056759045|-65.06796228455882
9.355654646531578|-21.82415533436269|-66.06199024944102
10.361017134939315|-22.017121146285156|-65.43074138323097
9.540348182548614|-21.96388640599683|-65.85167539330769
9.518051299722494|-21.822459074597816|-65.99281657428287
9.546750507575677|-22.18412715552963|-65.64407408059365
9.556444961587815|-21.942384832275184|-65.86459606186952
9.232403271815814|-22.09756038805638|-65.85990069407728
9.321954330724628|-22.104717676862236|-65.81506973403184
9.45532989340183|-22.329153209486375|-65.54851630259064
8.949996290233642|-22.1501032638996|-65.92891894326036
9.32287319165701|-21.97644442630758|-65.93428582193162
8.895537065707149|-22.090108104035334|-66.00762171222779
9.489093401989038|-21.79733979885012|-66.02883825325833
9.410581243099227|-22.038544906003615|-65.83865689666213
9.43960162805402|-22.03060225356894|-65.83349998878255
8.666722791722252|-22.12237894923369|-66.07032371331921
9.242961436201778|-22.005560563071484|-65.94130202247008
9.226690732161375|-22.093838943376554|-65.86579989530952
9.076913400844555|-21.883557791693207|-66.1255417185754
10.17545201750802|-22.051603392086328|-65.48514816267601
9.11483001142782|-21.747010264014424|-66.23703386509443
9.590334006159532|-21.83740562968684|-65.94713380938055
9.244294394013183|-22.138440225164686|-65.8166733671987
9.319984210640206|-22.05204288085077|-65.86504405806483
9.308080307974524|-21.78941133843812|-66.11487353697956
9.586557696230356|-21.893111269115444|-65.89710834345429
9.401885789809395|-22.18424044698787|-65.70663240523993
9.316597458127344|-22.242800074825965|-65.68847491115177
9.621762629909664|-22.306426756764626|-65.49756131222166
9.338990680857844|-21.753610815008976|-66.13484016898293
9.350919932806|-22.042654017583892|-65.86052828667859
9.169740462104153|-22.339440388726153|-65.66014179356328
9.325082819551964|-22.403252452083755|-65.53495906616068
9.434254541734937|-22.146748357345974|-65.72763890023258
9.58006386942249|-21.76968865442865|-66.0144791424746
9.425083717980826|-22.132415416395116|-65.74495041641399
9.32452136005831|-22.669181376672086|-65.28639912754929
10.493309631510757|-21.973937051466958|-65.4081363865928
9.189433891717224|-22.507740464791052|-65.49427015252367
8.917518329428706|-22.420973390496897|-65.68797541570676
9.159732718906989|-22.545280892731835|-65.47146593584277
9.847171819938145|-22.42335197796569|-65.28965313037403
9.755078146031865|-21.973889938903596|-65.74750920450039
10.287918872216855|-22.408716448276312|-65.10399291635082
9.388494082111913|-22.076643951336546|-65.81268902416058
9.299080309826058|-22.12336908398528|-65.8074369062795
9.179073320598228|-22.226515959443226|-65.76190050014803
9.17227154478016|-21.968996038942606|-66.00546089255077
9.221508742896354|-22.466226584843827|-65.51973064537003
9.494883520409903|-21.758703895296218|-66.06217565755105
9.10165326829174|-22.00453004074191|-66.0020572619535
9.344795186969066|-21.883783641340553|-66.01117403729396
9.34814236613753|-22.050875506674586|-65.85405743123722
10.026665090412893|-22.175831962030507|-65.43846975451889
9.001911794940128|-22.069508463195845|-65.98294711910894
9.191898969779976|-21.668680731178473|-66.27722758094221
8.999818770065312|-22.265191389538174|-65.80041871027774
9.347074724971426|-22.17829746060203|-65.73567743510073
9.658313632976974|-22.358924753014183|-65.43274010724431
9.138620234149965|-22.085878785384434|-65.91044781136219
9.489865027564413|-21.95018865433121|-65.88646702247517
8.713194461960542|-22.04371841051911|-66.12556358554252
9.426590007691804|-21.63600963629452|-66.20601148300679
10.448641396596502|-22.48755752569151|-64.95693102146001
9.039088878106524|-22.171054481200215|-65.87237250408258
9.538082598135844|-21.87829743903107|-65.93217522847453
9.113740630872147|-22.091633758457803|-65.91552289294016
9.122840449949656|-22.013790760626907|-65.98448530962455
9.282885211025892|-22.131669132038223|-65.80659228182567
9.203882025657645|-22.119123579119623|-65.85183940926915
9.523195608525738|-22.194562855956413|-65.64460270387369
9.147868605297798|-22.081204593170476|-65.91092405520992
9.321463353950076|-22.56932787703675|-65.38116217901566
9.14538484301182|-22.06170194880176|-65.93020228279535
9.495363256577757|-22.348166335989376|-65.51354356724687
9.312686039039136|-21.862086928036103|-66.04521437048328
9.094655143561747|-22.108396379028274|-65.90784365516126
9.449030107905394|-21.94460553527957|-65.909436573564
9.408025090631579|-22.38897171456866|-65.51297908314953
9.169772978719255|-21.802368287312625|-66.16204301712136
9.59252041119858|-22.35192514009952|-65.46795463519534
8.683641296801673|-22.280872206992395|-65.91434367474855
9.324524612101856|-21.876572036542587|-66.0266264920412
10.343561876730822|-21.841256896364154|-65.60045493589635
9.54608492744393|-22.07493383271988|-65.74594218812463
9.185469694071994|-22.20244060425742|-65.78172555498892
9.42702661828512|-21.88857128575238|-65.97112011866425
9.548082500945398|-22.570219334110593|-65.28370623251338
9.434775964432689|-22.24275116061736|-65.63793210262494
9.527534640747282|-22.0518160881366|-65.77553666262297
9.135081242681293|-22.0812274980648|-65.91628608213942
9.491220219935297|-22.258135938051584|-65.59924660156759
9.582349169841146|-22.16997106288927|-65.64171961745049
8.657745673186541|-22.074297922162756|-66.11917010165239
9.14846730654141|-22.013558837254074|-65.9738977054166
9.439464845493685|-22.239200114789877|-65.63922460038339
9.323531080420889|-22.130462702475086|-65.79037653586064
8.915577068177528|-22.114103286297958|-65.97686844045391
9.579775997579818|-21.856151129832252|-65.93439761571686
9.252830072412264|-21.906824784219058|-66.02919604432158
9.09662066675104|-21.70120980959546|-66.28749301035513
9.191641212078192|-21.770702319438858|-66.1822537667076
9.612765468856177|-21.980090929954372|-65.80482377446769
9.581410968637694|-21.92935147807979|-65.86573209862503
9.258191279013772|-22.151364396793557|-65.79870312407978
9.684625676137|-22.08335799468859|-65.6772609566272
9.184752921870038|-21.92040867836773|-66.04552994760955
9.535567878622233|-22.03344735664605|-65.78911031742942
9.45597852807042|-22.09589423838973|-65.7656179188095
9.007500560161132|-21.750186482423292|-66.27936041225963
8.80737678899477|-22.62002300932373|-65.54527202122404
9.172742814671777|-21.76668375724676|-66.19406073589995
9.55259369447915|-21.500666428247797|-66.27592448816557
9.348449417865538|-21.71015715195627|-66.17116032754218
9.515021914630038|-21.923787697611505|-65.90001995892433
9.520622907710955|-22.25096043047764|-65.59320258545077
9.442305554793668|-22.115017013042543|-65.75372338942964
9.418874529567665|-22.329473842793252|-65.56386977205037
9.291803597787315|-22.262887927469436|-65.68025407523078
9.178746453624731|-22.159011364814134|-65.82516861124012
9.204096433836861|-22.0717918718309|-65.89596980048461
9.573164995404527|-21.753365629063637|-66.03266442663177
9.46214891789017|-21.797431491296724|-66.04054101137538
10.524128951561014|-25.869022953584146|-61.770585224020664
9.462034943465339|-23.276149243903294|-64.6596453942459
9.618292857057561|-22.07824185118721|-65.71123854478851
6.363411275593203|-19.2815077648017|-69.61576597850335
6.426094870415644|-18.663211441943993|-70.18327969761118
7.5085597698074515|-20.580234531111763|-67.9743538034366
5.600712656060954|-14.49840815256281|-74.41287396211258
11.253469506832028|-28.930476067943424|-58.55849813886384
13.98771605723463|-26.307210228848966|-59.68096254358645
10.836522428124777|-15.861547180594876|-70.62596905377788
6.652056010850605|-16.261850863365193|-72.35961393801765
-3.469587374505818|-32.90809430766981|-56.86228095903214
9.306769576118164|-21.876942400455356|-66.03392164850186
9.396623361247737|-21.765138508066197|-66.09911709728821
8.56153503740044|-21.206442892367317|-66.97292495269345
29.09060611645887|-58.001664237408235|-12.164915017738988
12.866457051292548|-23.952027593053472|-62.41703871013513
16.301649814197695|-25.633113185549185|-58.95629338544756
12.895712315314231|-21.914252802874845|-64.22383831869868
2.5649478162414296|-19.655867872066956|-70.16370304340286
5.733976371863741|-21.585233924236146|-67.59132915763713
10.254456395728312|-22.51016178672018|-65.02566437980869
10.48608357453666|-21.55551533728233|-65.79459526522618
9.576533142582019|-21.52390299150958|-66.2437697391818
9.657171954412632|-20.889873322957452|-66.79249248688632
10.477517232087495|-21.871861393614324|-65.509190144598
24.82996774174942|-26.117481427457754|-52.52754594450639
10.507090714682631|-15.830981158935444|-70.84422752743522
10.583947718720072|-13.96690008244976|-72.34395892913189
-51.55337954223876|26.99372530068032|-25.148661379478533
-18.229919685764965|-2.512913899868422|-71.58553961158223
15.823182762616089|3.8821038858246455|-73.68313395492316
0.39197235389972485|-65.01969555674997|-24.976801762759987
16.034137873267895|-5.925131930688123|-72.85027159311728
14.500887457511666|-16.794578992502988|-67.52123127098376
14.806199514905872|5.137330540953411|-74.28907438913825
10.361008799216037|-24.324075576742697|-63.29159711151362
17.65343793216063|-11.33801332328436|-68.81327465272338
56.54784764967889|-20.55877604473309|25.14485329840303
1.4420703042469896|-14.73114264440092|-75.19524694036352
-8.594248229990304|-7.790252354961675|-78.36053129979561
10.981783686940263|-38.50801101737593|-49.37433499643225
4.524648660490822|-2.6609714515929292|-84.7480699997233
23.311217869069157|-24.659963021558347|-54.89694709700098
13.799289524388682|1.2409075934060498|-76.14281934119202
5.656781895443104|-13.485553910798178|-75.33445453412611
18.212854023961274|-16.598108139288108|-64.94918950626037
16.26776478464581|-42.46052750726852|43.038561668539145
-15.312189467118165|-44.582619192036134|41.412341449732715
-46.21659975949733|-35.28200298328796|-22.394704806913342
9.487722238944809|-39.3859557320875|-49.03472252961231
10.932781147765736|2.160463163443065|-78.85062173567854
17.50365622280173|-22.487616854159942|-60.88434217995269
3.6224980593460314|15.889944175337925|-73.68093050631066
9.384822405942018|-24.56129784704006|-63.480187028150716
11.412899098323583|-14.9590931408227|-71.0193796368574
11.61565145193942|-7.159542922976017|-76.30236515453377
-15.853372044102302|15.998569246696013|-67.16635717120757
17.52396014850894|-12.498786279165532|-68.23432944333234
40.98784943085926|-43.572241073055594|-17.923223974292053
20.55369256631439|-16.59608888015687|-63.08977872534858
8.973184970633898|-22.057512208793767|-66.00611171621006
-1.95029826862203|9.172012719640017|-80.61941980020704
13.111438978430002|-18.830139628070828|-66.76480278801156
12.66084985414538|-1.5670156084806834|-77.23933852631392
15.143836709594385|-32.59575065199404|-53.22238022092255
-15.637615393033604|-73.53770655937075|5.017193400196707
2.984152905769589|-76.42351777833736|-13.23217919257625
31.132501437232584|-19.256359609504898|-52.17524160816854
-4.058204786274319|-18.66175909501817|-70.86995697894648
10.341830077365099|-19.953675878962276|-67.31910088027666
16.895207770030233|-10.507852711486466|-69.93391726604074
-3.5678503021650374|-39.74294233365858|-50.03154534703149
18.644722038062074|-0.021398835570761877|-71.35526477031468
-26.8078715491551|45.02196853109817|32.97388835132228
19.016029434546372|-33.79664374573663|-49.86033111113164
15.856860309917819|-27.554252328242516|-57.502880229027404
23.01167206320063|14.068519002712943|-62.59141569916324
13.252288869918129|-6.860616477025028|-75.01918171280846
16.663010349349165|-16.097888859753482|-66.49185393507558
13.712493785992374|17.078656369495985|-67.82625968727642
-9.89597320326724|-27.622933628765175|-60.364711191256255
6.582901260694107|6.071189492478874|-81.02659197930723
5.685521332193743|-22.544649831885593|-66.6719113974076
23.024168850335336|-34.37997669811004|-46.61451496576492
15.349470996619354|3.719028761340563|-74.1847068658725
-2.442169334200316|-84.19619444500984|-5.261774709797899
10.759424279439443|-20.17287939353702|-66.91212070977407
-1.1243859567789605|-44.3775263428587|-45.60040624640671
-33.600842965189564|-3.4278648333786226|-56.177320624136634
5.391975276059533|-48.056986562585855|-41.43367711533909
-29.045602543961312|-46.844412261000784|-28.801960289101604
-17.602071046021724|-27.99676060976744|56.0551206298553
51.59593575215337|-24.468416842049738|27.578765029231164
23.753723343366023|-37.0025743035907|-43.5969919233952
8.430035556274708|-1.7081825204002172|-81.39616685121504
12.315253150703125|-24.895720484054223|-61.841106120580825
21.249012639270266|-3.2953377120587897|-68.47222243380754
15.957027933289508|-28.6275930490563|-56.46917265113643
18.43811361418567|-53.488161523902676|-30.26253176046483
-29.236856794743726|57.095109517614944|13.758261797993134
-0.5287550744166437|-88.69799804060933|1.1897675334450757
-44.34913876516988|-18.228500480692883|-40.01944829681309
-5.59956136105827|-15.858177960297173|-73.13271504113315
5.887447801745499|-28.849083745648738|-60.44315713163276
-3.650091109900161|-48.478212912611134|-41.28772698360447
18.92287092441726|-5.9530625881308294|-70.09413162129295
28.480867809864925|2.9046143911380518|-61.34397842886345
2.0312725334583024|11.957144787347511|-77.8665036431093
20.405344236559344|-24.084750666458596|-57.53743953608088
44.384090407344296|-6.21648377137883|-44.94402783243971
10.745277780782805|-14.311539760933043|-71.9635293045557
8.452371045508553|-30.74082895011167|-57.86814088552922
-51.109970885163335|-15.288553861968937|-34.73433141730063
0.5064264854852083|-18.914638374085563|-71.07806457963603
5.432230290271264|7.156623813484203|-80.99795097490427
25.256680770927883|-13.940174120199568|60.660234328731306
7.262777415650565|12.061713662888492|-75.86364196105404
19.413200629039366|-36.22267988878415|-47.313376131079835
23.675166080146074|3.515061330006149|-66.03336865306548
13.291096563683004|-25.64845872552323|-60.65197425108776
3.6115615814705646|33.452931656125386|-56.30036311954684
10.243287038869115|-22.963933584953924|-64.61066162147111
16.867489466261237|-6.625943536746424|-71.80449727561228
10.241124607147595|-22.63075106512442|-64.92025654055121
22.21131127038722|-32.04936787072097|-49.342963099905575
24.31826218547841|-37.496674580340226|-42.69895524574249
-4.735086606442019|-11.616606982578885|77.43038948905699
71.67375069710513|-13.38235079710194|-12.288205959916612
-5.127647239082516|-16.691574787989985|-72.49410358858536
58.640638571691966|-27.96194121496226|-13.04753911302951
14.7617735490848|-52.560564286805715|-33.50074243402482
7.6188434709569615|-3.0288648090884873|-81.7945149344362
1.796216261550815|-22.143070801979732|-67.77642441668472
16.682213197498207|-6.020169453347795|-72.20441489255796
21.988770412843436|-36.816492952838104|-45.04014036711708
-11.352098222119155|37.50696783372285|-50.21674214085649
-53.79473126252947|-17.181085789290357|-30.76468366744914
-4.595563401217796|-20.580115510418167|-68.86711069479995
11.670957276149366|-4.932962463699419|-77.30219648929317
5.455730522673623|-19.980153404946854|-69.22643593747088
5.635470943810947|0.15438280880103208|-84.36240111177692
12.787693678228601|-21.90633910191848|-64.29067260948965
22.627057550858417|-6.868963186881629|-66.2408950551357
14.838272641873289|-74.20034117739134|-5.305671772119598
-30.232584956103263|-46.94405125308037|-27.45524114441396
65.95917532093311|3.6022308515590518|-23.73539583306877
11.382529554489134|-37.004429331257526|-50.69797443630274
10.497424686611835|-9.112929760611728|-76.03029884772828
9.242712104967676|-48.68434478139221|-39.81950857399406
20.57854160628487|-1.5775434307689926|-69.35556364909503
6.704003541224393|-15.117680720947867|-73.39703664419423
12.787041353776164|14.878564368805893|-70.1843519104329
3.157129547513988|-28.302872131953063|-61.48946735968113
14.994253138180042|2.814731413759638|-74.73158740423762
8.433611177856799|-18.125778024188378|-69.88279619858841
6.695107862069794|-3.0999112926536663|-82.61609349056698
17.556450058534118|-29.589074208713164|-54.64624415502575
20.288675612752147|-22.545505591164602|-58.87165506463182
-12.935392146075994|-35.71063160526555|51.307183581544535
12.499307952648087|3.9614515314985534|-76.86850469407128
24.241983346671482|23.080361751768383|-55.41104606293008
12.700043152131684|-9.995757279023843|-73.7332904612889
10.054393036035325|-5.604820824977279|-78.46040964556532
8.091806879353872|-16.782402904967032|-71.26323247885695
4.0664688322906635|-1.7037718549610708|-85.58992262646086
-3.462658060917805|8.75512633607321|-80.57496622577742
10.048016258416046|-19.838299690690423|-67.56780554669875
7.988662115528812|-7.243394778442109|-79.18441274273799
9.927048197636669|-14.58415330590942|-72.23209072935647
8.789514826127695|-11.466328063117228|-75.47903869528882
7.160560968363336|-8.740949943901006|-78.66473875368456
9.228630313049083|-10.889227085826896|-75.65234649403313
6.270616924505398|-9.300229310889074|-78.75197007074384
6.310076195736854|-8.416582901040536|-79.45306184303898
10.150062669480468|-8.318276451128993|-76.82040900951658
7.381615423060835|-17.818342019942882|-70.6172445080796
8.409492912723673|-16.555880465993425|-71.3196136829769
8.298540402616934|-16.212324312584844|-71.68160471285074
9.098872505271522|-17.58782037281932|-70.05933983472178
9.990466604365224|-15.931667704431282|-71.05149108604108
9.45021222891409|-15.685504909270696|-71.56014648068403
9.96821563661108|-19.65360378017337|-67.77378089936948
7.098008459044992|-20.49102098536698|-68.20854681538289
7.344482660865046|-20.347326822597235|-68.25571959613607
8.459248268261769|-22.39357207825855|-65.89677366913266
13.973759956726127|-23.46341802712359|-62.24661802333089
12.308082385124173|-27.24894429869671|-59.66541355905532
9.03227166996537|-21.705849985992987|-66.31036139497174
9.525171394879766|-21.284998814829187|-66.48767207741099
9.180692431082543|-21.975731160127843|-65.99560340740389
9.301090143397584|-21.441813225338173|-66.44111618378632
8.923991698943373|-22.047088475309636|-66.0362365109675
7.771892034458634|-10.170532733425873|-77.14927128378594
12.773164821690427|-10.02905818942526|-73.65378197037843
10.020216518153648|-14.610965911891943|-72.15504587650403
11.325191212563071|-19.2592624017096|-67.42603531396175
8.661747334986677|-13.32535240318941|-74.01884023132224
9.765491967553608|-18.8634183247859|-68.58600484857779
8.656336365615472|-18.524404272681767|-69.41751809703626
11.901648581190068|-20.508304159363796|-66.01253932894974
11.08593538667822|-17.522799923693753|-69.06886956246532
8.47098681325665|-18.719361995267185|-69.32137579992285
5.930414599202902|-12.050363510847813|-76.52982753174487
9.905003873925834|-19.977649095088445|-67.51055653101777
10.173192666023416|-12.851555874152709|-73.49950852256102
5.050897099750703|-3.8509660834496313|-83.64242370239334
12.359994887581976|-15.670307941736429|-69.84044987322133
14.179293739540432|-12.969202961666591|-70.59629412955924
4.406704515584353|-5.261356729483076|-83.128986847442
5.44009480401441|-16.41833091926136|-72.65502301268778
11.671776046374477|-14.535978897593944|-71.19370702699126
0.9616177143115118|-18.610426008480115|-71.3629115490166
7.046533364887181|-12.704598914087141|-75.41444225269403
14.452425958156693|-11.793518539775881|-71.18062828874237
14.964638444380721|-10.832923519646496|-71.37465557232099
11.32049729716594|-22.04067867692105|-64.94395411672382
-0.1721294531156391|-8.15197388554039|-81.84618430163611
9.231138772397673|-10.409278319047885|-76.01803531818464
12.109924615366996|-16.038266062265897|-69.70203604113665
3.5320548744801465|2.008485675311761|-85.93556024681176
-10.873167833182986|-46.04659227270059|-41.90886866743335
4.630540237091591|-13.63009795318189|-75.57588897921109
16.107171875906207|-14.780432031091554|-67.85816864715244
9.12255354472708|-16.011837750484318|-71.44862229545626
7.820187482444231|-12.206460261018362|-75.43769839048319
9.199482338344652|-13.790314591689562|-73.32051624254107
8.694401002503703|-13.636044886581974|-73.73656109635579
7.581437576578278|-12.79496172820956|-75.06137897550809
8.189304413834972|-14.010571707920768|-73.68624455814548
7.941174430781728|-13.93768590238433|-73.87846449525163
7.815723402807406|-10.840360473283749|-76.5800589057021
10.588670662231484|-11.0248935396678|-74.62042398722583
8.730636883293247|-12.97012596274404|-74.2791111173131
7.466300436190801|-10.947925329736005|-76.6960748494246
8.733485224385383|-6.378450998630381|-79.15568049448979
10.622564809710108|-12.6714476136501|-73.34966931976335
11.096864504495645|-7.260777599059909|-76.68791745923352
2.9266412643145943|0.38402811950449295|-87.0482270532881
-21.03899194910428|-44.55655385959535|37.98918947288559
17.348982370530713|-17.827911636087045|-64.69877519311945
5.972541371125284|5.212938011716115|-82.05993670008144
13.988717401751398|-14.007877205391928|-69.9958308778168
-8.552906433254996|-81.37298757755258|1.1199564314380077
8.880979456762693|-7.232737718377436|-78.50921443200659
21.90729173447043|-20.236217545781265|-59.41794051815045
34.76552712977607|-11.919707906522893|-52.66510211553504
17.686075973963476|-3.20437937977219|-72.00697696335378
12.95519837588616|-7.49563379092697|-74.96670803342367
2.5922611031262877|-10.43886835054687|-79.23705520998203
-21.653396485046137|58.89329727367741|21.19860304663506
6.926248682048156|-8.835961545656932|-78.73848728810314
5.364905013547238|-9.568087328041852|-79.00568644811783
-1.4880406349517707|15.745723935841507|-74.18046556259189
15.412768785466021|-9.609957729535994|-71.7084637364846
26.395734049230054|-1.8430474526976723|-63.529926309041784
74.95724386622638|-11.490839826567596|-9.576269650019569
26.087252597794034|-8.95845059191734|-62.19289278916271
15.982660529856703|2.08993196026343|-73.87398070782407
-2.7768260823716977|-5.5408346427102675|-83.79839135638187
29.92751372494742|33.422145447638286|-41.99854242482298
7.199911755853372|-7.068546908820152|-79.88383391465004
21.44395183584923|-42.72368029352141|-39.583750798101214
-58.83388134752884|-2.0334593959450324|-31.08460580205841
12.882256165930787|-9.816299749558059|-73.70011764875035
4.5331550964693|-7.599404748717109|-81.13748528736618
2.4304075821709956|-28.611788584681058|-61.265836522362
10.240667588749016|8.67627942850224|-76.51687754841052
8.429176568712368|-12.942287968218912|-74.4740252746467
14.840663097162425|-1.9056419388644457|-75.03188381126492
47.33146237337174|26.587623143201427|30.594428315024853
14.93631216019592|-26.210683912337323|-59.24431878786065
8.05865620976259|-41.66549613248808|-47.20315445421932
12.108203501634812|21.65355127091898|-64.88436979204874
11.587263078519548|-15.92492650520519|-70.1206291712077
-9.920039815795267|-2.048576117838503|-79.86644376224694
15.767199153489369|-12.034271517136316|-69.97060752907605
9.2596908763957|-16.90061076644194|-70.59318465551344
6.334904593942313|2.959318176427826|-83.00282544241946
-0.8966506574762942|2.367734968428844|-87.4679914210346
18.024203627742693|-35.30065717770086|-49.043008131997745
11.17952365487549|-5.586694747616262|-77.46991245175471
7.396636747931331|-23.959222038801045|-64.78576720544761
16.295479266232856|-23.038562211507564|-61.21357625471764
19.9096312907195|-2.840166442119949|-69.87169313080399
8.182971906486888|-18.0279069510787|-70.08398905462457
2.7425987933015605|-4.433081938697261|-84.78423550154363
7.595224502891766|-22.330528256730314|-66.27905398069076
28.107813569023673|-24.781821044291892|50.90514841303901
-1.8957006105582352|-5.63900476314362|-84.04891780669024
7.771673864719121|-5.301292352147939|-80.57388066666827
20.19202025848519|-18.78473036813327|-61.83241193480643
10.87731919801586|-14.559052082396324|-71.67985712398935
3.462697298056147|-9.040998273708466|-80.30816613265364
23.44801738874472|-66.34549864191162|-2.9452400462028736
8.99060298747755|-8.974530422877121|-77.24357453985219
28.85405158252284|-36.191283765488144|-40.30634906709211
11.64161872965979|-16.05298854864074|-69.98147129330373
7.746219519472562|-15.728704873575227|-72.37760504625088
-18.074674621848164|-15.540631784821025|-65.79968756332651
16.218864945044828|-13.093995335743191|-68.92223746306917
6.555390304251393|-12.854699036738024|-75.51888928317483
8.147824155473577|-17.089017387658675|-70.95871074987667
9.349057266752824|-15.563274658725042|-71.72071901381909
7.006914958034305|-18.115691996186094|-70.48762253908927
8.19770052125636|-15.600045509951492|-72.278858206921
6.924396087765209|-15.883874533412328|-72.5985323650575
7.802048849252786|-16.279728868475758|-71.85234550348191
8.501215771551593|-16.872669981782998|-70.99052762046776
7.593787589709007|-15.060068008117288|-73.05185739251678
7.114433982160107|-15.773993090576429|-72.61881685236351
5.902847621454294|9.527570504461464|-78.76290832986525
8.473038497397534|-10.506394025192169|-76.4416451001007
19.19263389703339|-9.763215103585082|-68.29024024400464
-15.029481143164473|-22.457329279008675|-62.50325923598006
8.268662861804248|-0.3073545990584|-81.72554673181713
17.698053988650436|-16.153618717350955|-65.66372327459982
13.934700118988983|-21.291160123127398|-64.16980157584626
2.4300042533634403|4.144711006263233|-85.19331530246822
7.526447206044396|-32.63740667167284|-56.289374645241104
10.659109600231522|-15.19823772792124|-71.28613020864594
39.43719994384869|-7.797413462538132|-49.49166917087591
8.521475536716217|-19.988301470656484|-68.1261690197394
4.108189001105282|-7.15767040425556|-81.73641882265186
3.7962614833217234|-29.607076236668195|-60.10144271339589
20.455705195271392|-14.125946341475741|-64.76930922910077
7.535272532577432|-26.530045779326404|-62.25616280396971
13.909651449258856|-10.930068697534551|-72.17140605246672
12.179649372848939|-1.105957121137648|-77.76870217197776
33.956249834698966|-30.21690572684347|-41.24933505901822
3.321175487931171|-12.804634673081148|-76.75743596095401
10.575227321786203|-6.560719835689745|-77.51488481453895
3.7463506147855647|-18.312915749351582|-71.28092698307094
1.8217366069262773|-86.41880641454983|-3.082176023919637
10.712567111303256|-12.010238920575249|-73.79827679049443
1.5620518236111394|-17.082319457512714|-72.84201279460288
11.89817836636806|-26.02685907361825|-60.999610190903034
4.496766088446274|-4.829801352974224|-83.39361868054417
3.994771777499492|-34.85726097307011|-54.84683910783789
1.8332947337453842|-10.082439493457361|-79.7488054271746
9.832748025208753|-10.885942050525076|-75.24916403079958
-1.5968784657581725|-16.448106307820062|-73.47014940323093
13.242535174923749|24.01759897524934|-62.15688425761068
11.915672859513743|-17.7166901722322|-68.42345843243
4.00700391589322|-5.091739282094792|-83.51409744157282
-23.558180761491695|-48.54661817474857|-31.853147944424197
2.7900373222798396|-39.492236027769366|-50.36952573909022
2.722727201482884|8.625592917264113|-80.94862316983898
-5.0252080621983835|-79.51499361746582|9.17844092204375
21.872588704387685|7.383620305521923|-66.79097800514381
-2.2242936473828205|-39.46964935495709|-50.44243686039941
-2.029169663918603|16.67179273576064|-73.19796759456543
1.7712320249296942|-33.884924554160236|-56.055966908992325
11.056667777641682|-1.3094134366665933|-78.86412129241891
8.34981304657937|10.80121960690325|-76.285676612862
10.633257330476583|-12.352048392762008|-73.5902219647657
-5.173136081484704|-46.00551579010311|43.528237703510406
10.507448904539826|-47.566660364895625|-40.512997908861564
-31.959772411035797|-56.717165944987656|8.32579635542333
0.9884290731546133|-49.11949323997941|-40.86327816319197
3.308850388217853|6.609938663236784|-82.60150798629373
2.4514711152369344|-15.02985504903877|-74.76217461082123
12.750873078592702|-4.137591792318435|-76.57299394711781
-72.17095648366715|14.489251412717374|10.164877483330116
13.346800052263696|-12.639560211261827|-71.45360350202594
11.106646058691958|-9.822140831017048|-75.08936022273443
-8.579766022978282|-23.032469988713448|-65.24553763229466
3.8526039461726533|-6.042393065030254|-82.82616343547875
7.299039385544499|-9.463662123443283|-78.00725250751428
32.443276199503025|-26.256626955440883|-45.945260904868185
7.16325455065478|-17.220284009111925|-71.26229896658641
-2.775527549224583|-16.376713655546986|-73.37661418749016
50.60494038759638|1.516707706756536|-39.35413288446426
7.618075262503946|-19.953769915769705|-68.52428650483971
1.1393521364645203|-11.399192006981135|-78.54248686933971
12.06254030805158|-65.96863314245611|-20.45841204160461
8.580774544895709|-8.61730661927104|-77.79254589747502
4.554467029833408|-16.104748388763646|-73.22967176475659
7.876853792209227|-20.259932797473834|-68.13554337445566
12.829091289364492|-9.327210617685687|-74.04385478524493
-38.64303226635647|-42.91404557856465|-22.497547575205026
10.071470813371443|-20.304750063581757|-67.13337428627398
-4.513138351043285|-0.12790004327777446|-85.4850421864628
-8.898443470397485|14.344124329304723|-73.01809637690948
8.511053967096109|-12.95703496703331|-74.41538623480277
7.673626528913156|-6.531404939712645|-79.89745534685049
-2.5769402528590017|-14.719168679557026|-75.04686398302653
12.012788970100425|-12.591368922402465|-72.45843986139494
24.958632761985672|-19.5985821279614|-57.381597480953225
10.04096777007669|-12.232407332257903|-74.0742293674347
5.792204657369557|-5.057809201171339|-82.2989066053622
-16.963921349204828|-26.304057068547973|-57.95645548200798
12.91700133590463|-10.165623191060826|-73.45216130657754
3.49941706378214|-4.42069695166817|-84.35754467565121
-4.290305256044589|-29.328705420126308|-60.29732475514123
10.030255989339414|-8.462580258844321|-76.81966170212544
3.556598524182943|-14.313798780035919|-75.23255904228064
27.735607948005523|-3.0304844146629275|-62.070461653875704
9.502365944672045|-11.17112887831632|-75.25381644848541
-3.558643862779546|-21.015923816126588|-68.65645478985257
3.8469708458803473|-15.712746416015616|-73.79937628993618
7.537034466394389|1.801677988509063|-82.24818075672802
11.341617397426443|-10.656735236879891|-74.33886129374083
14.875458602465514|-23.640536302907293|-61.56680507351165
9.49614773242509|-2.064593121273251|-80.27793809258345
18.851803841955373|-31.514191537300153|-52.08305976260265
7.812378344253227|-11.585298401495313|-75.96562688109542
14.937046722722913|-14.646913652766312|-68.833529750435
-7.045146436732153|-1.7412922412475142|82.7407314551652
10.670037597357561|-13.68577507416999|-72.51642231957024
-1.392746147108775|-3.9167613665115555|-85.84225789158968
7.828654300206601|-26.428172409316943|-62.26051255898931
6.780589277636156|-13.12884983837781|-75.16746449421369
8.760421485953627|-15.007395881655412|-72.51757600684833
11.712802753479902|-9.023129804429221|-75.13568087244994
2.784147347021394|-14.623651769417295|-75.10200584302623
7.387881277124527|-20.33001431211515|-68.2560796868227
4.4827044151624165|-6.027534136444253|-82.47834683078594
20.55677816890796|-2.7538733996953604|-69.24288221335291
11.457060315555536|-20.45464092370119|-66.29847830903458
8.422001274646101|-3.942584924581996|-80.68867513523492
7.388035256768511|-9.49047567475705|-77.93055106732012
10.057387284107344|-8.552893504155197|-76.73938149035625
-34.53697455756734|-50.436575652601626|16.874848126337934
9.25586752626551|-15.572071571316975|-71.76303939819121
1.3165538902131124|-13.652228292911964|-76.28198059274962
-2.2585152894994085|-20.405976187439403|-69.45825118699655
13.82211923670722|-5.911794965545118|-74.92016797071942
0.23591040472525526|-24.538750838489943|-65.45996366522117
6.428197059374952|-19.205843659552674|-69.6659621735169
11.304491319233836|-1.3556271508072835|-78.61238238412922
12.499994371563481|-56.27390509276084|-30.750404362810613
5.102700257098598|-16.733703059633978|-72.4614056120532
14.99773729400522|-15.02981897617914|-68.50906162446829
8.209292337154034|-2.2051714175431223|-81.4957361366045
4.0445378320053464|-13.030337686815487|-76.33517821965076
18.15535369343899|-3.0648346478711574|-71.56984630328799
12.052875696347543|-9.779249008656116|-74.38502587110052
1.1485138577148206|-20.943762420207253|-69.02178366981921
15.319288624871964|-30.123373199564604|-55.447758365730714
6.006071319125385|-4.698553900575515|-82.36374605271776
10.460470421316549|-0.29281115713054934|-79.53533970483714
11.150943373074174|-12.09886163715534|-73.42980953297669
10.021685072479578|-5.366877106679139|-78.60543878236487
35.719660369107025|-2.5788556863627723|-54.1580679257409
11.725509942282635|-12.064716677992356|-73.05064844091179
16.28839428262436|-5.343747636384064|-72.81067113134065
9.188989103158507|-65.06749948194222|-22.96273491371783
9.788623839251159|-9.57262833555683|-76.24193107477531
8.605320355301085|-14.421253752164334|-73.10968330680917
53.745689664310454|-34.137700230655724|-10.750070893986697
-9.674087556411372|-11.149841118610322|-75.15595809849412
8.128338163810472|-17.15349148287422|-70.90880147308181
9.639947908696554|-15.85845561221214|-71.30746403671625
10.233970432797502|-10.041371272272|-75.58567740214852
12.059203285754775|-9.61840907719439|-74.48334885808566
10.157645276092325|-10.598800082588825|-75.2371807740991
9.46471020552524|-10.476800567858099|-75.80847497026282
9.779586441439942|-13.568423062132005|-73.16352156764154
7.575854974606428|-19.733245025088223|-68.74814533420773
8.118203507571135|-19.034727049370176|-69.18196969636963
8.4321546982666|-17.831746559075032|-70.15224708647493
12.57063442600405|-19.369368861644887|-66.62844305388269
9.818706867019685|-20.848076697866034|-66.75657528113366
9.47100991836923|-21.775306649894034|-66.05721888174287
9.689050780688577|-21.575675514155908|-66.14560920446802
9.589115046155724|-21.77720318160666|-66.00351027781358
9.605790396923052|-21.632030588867742|-66.13064582665461
9.449166917017926|-21.47962595759976|-66.34117800103199
9.70688156506591|-21.677429047605038|-66.04351441142121
9.793009345079637|-21.6084585716416|-66.0685050895333
9.592348560747913|-22.258874184103753|-65.55464680287228
10.398478779894333|-21.869620004577218|-65.54859719066509
9.579724753215734|-21.49599159831567|-66.26818217937092
9.590116231666714|-21.682324741839825|-66.09101562646933
9.921883844784915|-20.91451081638329|-66.64770411278634
9.338779537689366|-21.861401295469847|-66.03460947398763
8.88602943078908|-21.481960570332774|-66.58091668836232
9.770417620069631|-21.16632651101184|-66.48638745597252
9.630275857651121|-21.464817480223022|-66.27444215962863
9.363019480488264|-22.368246472225856|-65.55154155860572
9.992204505839007|-21.119572875912173|-66.42694595286243
9.365914555429752|-22.295110313461638|-65.61860260740848
8.743287293763895|-20.997190123785366|-67.09331680553836